1.00E+16	0.04004		0.132694	0.135326	0.0403734	0.111193
1.00E+17	0.0397584	0.132417	0.134706	0.0409373	0.111244
1.00E+18	0.0378803	0.130282	0.128685	0.0460273	0.111098
1.00E+19	0.0379347	0.127741	0.112381	0.0574507	0.107042
2.00E+19	0.0381383	0.126945	0.108013	0.0602643	0.106375
3.00E+19	0.0382574	0.12648		0.105459	0.061909	0.105985
4.00E+19	0.0383418	0.12615		0.103649	0.0630754	0.105709
5.00E+19	0.0384072	0.125894	0.102245	0.0639798	0.105495
6.00E+19	0.0384607	0.125685	0.101098	0.0647185	0.105319
7.00E+19	0.0385059	0.125508	0.100129	0.0653429	0.105171
8.00E+19	0.038545	0.125355	0.0992891	0.0658837	0.105043
9.00E+19	0.0385822	0.125229	0.0987134	0.0662387	0.104998
1.00E+20	0.038617	0.125121	0.0982988	0.066482	0.105
5.00E+20	0.0391486	0.123471	0.0919638	0.0701992	0.105018
1.00E+21	0.0393306	0.122884	0.0897449	0.0715696	0.104901
1.00E+22	0.0392839	0.122649	0.0895731	0.0728216	0.102851
1.00E+23	0.0390486	0.121915	0.0890367	0.073263	0.103474
